11000000000000000000100000000000
11100000000000100000000000000010
01001000001000100000000000000111
01100000000000011000000010000000
01011110000000110000000100101100
01011110000001000000000101000000
11000000011001000010100000000000
01011010000001010000000101010100
11100000001000010000000000000001
01000000000000000000000001000010
01010100000000000000000000001101
11111111111111111111111111111111
11111111111111111111111111111110
11111111111111111111111111111101
00000000000000000000000000000001
00000000000000000000000000000010
00000000000000000000000000000100
11111111111111111111111111111100
00000000000000000000000000001010
00000000000000000000000000000111
00000000000000000000000000001001
00000000000000000000000000000001
00000000000000000000000000000000
11111111111111111111111111111111
00000000000000000000000000000001
11111111111111111111111111111111
00000000000000000000000000000000